0.6875  0.83  
0.8125  0.5   
0.1375  0.65  
0.4875  0.197 
0.3875  0.368 
0.2125  0.419 
0.525   0.179 
0.5625  0.248 
0.55    0.2   
0.75    0.381 
0.5     0.87  
0.5375  0.74  
0.675   0.473 
0.3     0.6   
0.55    0.175 
0.55    0.22  
0.525   0.218 
0.4625  0.21  
0.625   0.353 
0.3125  0.347 
0.25    0.34  
0.6125  0.262 
0.375   0.323 
0.1625  0.58  
0.4625  0.109 
0.525   0.142 
0.5625  0.211 
0.65    0.55  
0.475   0.79  
0.9125  0.51  
0.5375  0.155 
0.55    0.69  
0.6375  0.66  
0.1125  0.285 
0.55    0.186 
0.85    0.56  
0.4875  0.6   
0.875   0.71  
0.375   0.326 
0.5375  0.448 
0.5375  0.246 
0.575   0.28  
0.275   0.197 
0.55    0.186 
0.3     0.344 
0.65    0.305 
0.5625  0.221 
0.7625  0.321 
0.5     0.199 
0.675   0.8   
0.5125  0.206 
0.525   0.169 
0.3     0.369 
0.5875  0.374 
0.35    0.364 
0.25    0.71  
0.35    0.494 
0.2125  0.64  
0.175   0.497 
0.2625  0.422 
0.3875  0.377 
0.675   0.57  
0.5625  0.492 
0.225   0.369 
0.575   0.219 
0.5625  0.193 
0.3     0.59  
0.175   0.421 
0.8125  0.358 
0.5125  0.219 
0.4125  0.26  
0.3375  0.163 
0.4875  0.65  
0.4875  0.215 
0.325   0.6   
0.55    0.165 
0.475   0.301 
0.6375  0.495 
0.5875  0.93  
0.6375  0.53  
0.3     0.275 
0.475   0.7   
0.55    0.234 
0.6125  0.337 
0.825   0.64  
0.5375  0.268 
0.4625  0.75  
0.475   0.149 
0.2125  0.432 
0.5375  0.185 
0.9625  0.442 
0.1875  0.406 
0.3875  0.391 
0.2375  0.419 
0.575   0.252 
0.575   0.212 
0.6     0.72  
0.075   0.417 
0.5375  0.204 
0.65    0.39  