52.5	13.3
53.5	10
48.1	11.5
50.9	6.97
50.1	8.68
48.7	9.19
51.2	6.79
51.5	7.48
51.4	7
53		8.81
51		13.7
51.3	12.4
52.4	9.73
49.4	11
51.4	6.75
51.4	7.2
51.2	7.18
50.7	7.1
52		8.53
49.5	8.47
49		8.4
51.9	7.62
50		8.23
48.3	10.8
50.7	6.09
51.2	6.42
51.5	7.11
52.2	10.5
50.8	12.9
54.3	10.1
51.3	6.55
51.4	11.9
52.1	11.6
47.9	7.85
51.4	6.86
53.8	10.6
50.9	11
54		12.1
50		8.26
51.3	9.48
51.3	7.46
51.6	7.8
49.2	6.97
51.4	6.86
49.4	8.44
52.2	8.05
51.5	7.21
53.1	8.21
51		6.99
52.4	13
51.1	7.06
51.2	6.69
49.4	8.69
51.7	8.74
49.8	8.64
49		12.1
49.8	9.94
48.7	11.4
48.4	9.97
49.1	9.22
50.1	8.77
52.4	10.7
51.5	9.92
48.8	8.69
51.6	7.19
51.5	6.93
49.4	10.9
48.4	9.21
53.5	8.58
51.1	7.19
50.3	7.6
49.7	6.63
50.9	11.5
50.9	7.15
49.6	11
51.4	6.65
50.8	8.01
52.1	9.95
51.7	14.3
52.1	10.3
49.4	7.75
50.8	12
51.4	7.34
51.9	8.37
53.6	11.4
51.3	7.68
50.7	12.5
50.8	6.49
48.7	9.32
51.3	6.85
54.7	9.42
48.5	9.06
50.1	8.91
48.9	9.19
51.6	7.52
51.6	7.12
51.8	12.2
47.6	9.17
51.3	7.04
52.2	8.9